Size
5000
10000
15000
20000
25000
30000
35000
40000
45000
50000
55000
60000
65000
70000
75000
80000
85000
90000
95000
100000
5000
10000
15000
20000
25000
30000
35000
40000
45000
50000
55000
60000
65000
70000
75000
80000
85000
90000
95000
100000
5000
10000
15000
20000
25000
30000
35000
40000
45000
50000
55000
60000
65000
70000
75000
80000
85000
90000
95000
100000
5000
10000
15000
20000
25000
30000
35000
40000
45000
50000
55000
60000
65000
70000
75000
80000
85000
90000
95000
100000
5000
10000
15000
20000
25000
30000
35000
40000
45000
50000
55000
60000
65000
70000
75000
80000
85000
90000
95000
100000
5000
10000
15000
20000
25000
30000
35000
40000
45000
50000
55000
60000
65000
70000
75000
80000
85000
90000
95000
100000
5000
10000
15000
20000
25000
30000
35000
40000
45000
50000
55000
60000
65000
70000
75000
80000
85000
90000
95000
100000
5000
10000
15000
20000
25000
30000
35000
40000
45000
50000
55000
60000
65000
70000
75000
80000
85000
90000
95000
100000
5000
10000
15000
20000
25000
30000
35000
40000
45000
50000
55000
60000
65000
70000
75000
80000
85000
90000
95000
100000
5000
10000
15000
20000
25000
30000
35000
40000
45000
50000
55000
60000
65000
70000
75000
80000
85000
90000
95000
100000
Time
73
145
218
289
364
414
494
588
664
752
798
850
893
984
1080
1198
1263
1346
1421
1469
73
143
216
290
364
422
490
576
658
730
784
860
905
994
1076
1172
1258
1336
1404
1479
73
145
212
295
367
428
495
583
1296
722
789
841
895
971
1067
1181
1228
1315
1389
1448
73
144
209
286
357
431
498
571
656
724
777
837
882
970
1094
1165
1233
1310
1390
1456
72
143
205
293
357
421
490
582
658
722
787
843
888
974
1067
1149
1249
1322
1391
1477
73
145
203
289
364
420
487
611
734
749
799
859
903
1008
1094
1191
1292
1353
1428
1500
71
143
211
300
440
416
487
576
656
732
776
835
882
965
1070
1159
1240
1341
1464
1522
73
150
226
318
402
459
509
605
688
759
866
908
906
980
1072
1156
1253
1325
1412
1477
76
156
220
302
383
430
504
596
679
730
804
873
924
1016
1080
1176
1288
1362
1445
1549
75
148
218
292
378
446
492
584
657
728
799
846
898
1007
1086
1157
1248
1322
1396
1557
