Size
5000
10000
15000
20000
25000
30000
35000
40000
45000
50000
55000
60000
65000
70000
75000
80000
85000
90000
95000
100000
5000
10000
15000
20000
25000
30000
35000
40000
45000
50000
55000
60000
65000
70000
75000
80000
85000
90000
95000
100000
5000
10000
15000
20000
25000
30000
35000
40000
45000
50000
55000
60000
65000
70000
75000
80000
85000
90000
95000
100000
5000
10000
15000
20000
25000
30000
35000
40000
45000
50000
55000
60000
65000
70000
75000
80000
85000
90000
95000
100000
5000
10000
15000
20000
25000
30000
35000
40000
45000
50000
55000
60000
65000
70000
75000
80000
85000
90000
95000
100000
5000
10000
15000
20000
25000
30000
35000
40000
45000
50000
55000
60000
65000
70000
75000
80000
85000
90000
95000
100000
5000
10000
15000
20000
25000
30000
35000
40000
45000
50000
55000
60000
65000
70000
75000
80000
85000
90000
95000
100000
5000
10000
15000
20000
25000
30000
35000
40000
45000
50000
55000
60000
65000
70000
75000
80000
85000
90000
95000
100000
5000
10000
15000
20000
25000
30000
35000
40000
45000
50000
55000
60000
65000
70000
75000
80000
85000
90000
95000
100000
5000
10000
15000
20000
25000
30000
35000
40000
45000
50000
55000
60000
65000
70000
75000
80000
85000
90000
95000
100000
Time
0.791
0.167
0.209
0.166
0.125
0.167
0.125
0.125
0.125
0.166
0.167
0.125
0.125
0.125
0.125
0.125
0.125
0.125
0.25
0.125
0.125
0.125
0.167
0.166
0.167
0.166
0.167
0.167
0.125
0.167
0.125
0.166
0.125
0.167
0.167
0.167
0.208
0.166
0.125
0.125
0.125
0.125
0.125
0.125
0.125
0.125
0.125
0.166
0.125
0.166
0.125
0.167
0.125
0.167
0.125
0.125
0.167
0.167
0.125
0.167
0.167
0.166
0.167
0.125
0.125
0.167
0.125
0.125
0.166
0.125
0.125
0.125
0.125
0.166
0.125
0.125
0.125
0.125
0.125
0.125
0.167
0.125
0.125
0.166
0.125
0.167
0.125
0.125
0.125
0.167
0.125
0.167
0.125
0.125
0.167
0.125
0.125
0.125
0.125
0.166
0.125
0.125
0.125
0.167
0.125
0.125
0.125
0.125
0.166
0.125
0.125
0.125
0.125
0.125
0.125
0.292
0.125
0.125
0.125
0.125
0.125
0.125
0.125
0.125
0.125
0.209
0.125
0.125
0.125
0.125
0.125
0.125
0.083
0.125
0.125
0.125
0.125
0.125
0.125
0.167
0.167
0.166
0.125
0.125
0.125
0.125
0.125
0.125
0.125
0.125
0.125
0.125
0.167
0.083
0.125
0.125
0.125
0.125
0.125
0.125
0.125
0.125
0.125
0.125
0.166
0.125
0.083
0.125
0.125
0.125
0.125
0.125
0.125
0.125
0.125
0.125
0.125
0.125
0.125
0.167
0.167
0.125
0.167
0.125
0.125
0.125
0.125
0.125
0.167
0.125
0.125
0.125
0.125
0.166
0.167
0.125
0.125
0.125
0.125
0.125
