Size
50000
55000
60000
65000
70000
75000
80000
85000
90000
95000
100000
105000
110000
115000
120000
125000
130000
135000
140000
145000
150000
155000
160000
165000
170000
175000
180000
185000
190000
195000
200000
205000
210000
215000
220000
225000
230000
235000
240000
245000
250000
255000
260000
265000
270000
275000
280000
285000
290000
295000
300000
305000
310000
315000
320000
325000
330000
335000
340000
345000
350000
355000
360000
365000
370000
375000
380000
385000
390000
395000
400000
405000
410000
415000
420000
425000
430000
435000
440000
445000
450000
455000
460000
465000
470000
475000
480000
485000
490000
495000
500000
505000
510000
515000
520000
525000
530000
535000
540000
545000
550000
555000
560000
565000
570000
575000
580000
585000
590000
595000
600000
605000
610000
615000
620000
625000
630000
635000
640000
645000
650000
655000
660000
665000
670000
675000
680000
685000
690000
695000
700000
705000
710000
715000
720000
725000
730000
735000
740000
745000
750000
755000
760000
765000
770000
775000
780000
785000
790000
795000
800000
805000
810000
815000
820000
825000
830000
835000
840000
845000
850000
855000
860000
865000
870000
875000
880000
885000
890000
895000
900000
905000
910000
915000
920000
925000
930000
935000
940000
945000
950000
955000
960000
965000
970000
975000
980000
985000
990000
995000
1000000
Time
2867.875
3237.583
3543.959
3912.25
3897.083
4202.875
4481.834
4666.083
4974.541
5297.125
5587.0
5778.583
6061.875
6413.708
6640.542
7003.75
7338.583
7619.292
7768.042
7990.042
8534.5
8640.167
8753.167
9128.833
9239.542
9806.666
9783.083
10235.25
10441.209
10590.792
11045.5
11465.625
11476.833
11874.834
12163.625
12311.958
12524.833
12884.459
13120.25
14076.625
14002.667
14009.083
14206.416
14630.625
14894.0
15126.25
15315.625
16066.0
17025.333
17398.667
16915.959
17374.584
17122.667
17752.584
18138.833
17840.333
17992.917
18322.875
18476.083
19158.833
19401.084
19501.292
19794.292
19998.041
20343.292
20501.25
20704.25
21012.667
21169.875
21616.584
21889.084
22193.833
22372.958
22721.375
23094.667
23205.917
23497.375
23796.208
24725.792
24856.042
25386.834
24811.542
26032.791
26356.25
26874.417
26124.084
26242.834
26497.792
27307.083
27198.0
27259.375
28141.75
28049.0
28075.583
28444.875
29154.834
29585.083
29188.833
29451.916
31699.666
31031.542
30301.833
30570.834
31204.125
31110.917
32224.125
31892.959
31831.666
32094.375
33000.625
33322.167
34065.167
33986.125
33544.417
33684.792
35077.333
35251.583
35234.75
36174.25
34884.125
36262.5
36540.167
36531.583
36380.25
36658.292
37298.833
37783.042
37461.166
37837.0
38675.667
38579.584
38558.375
39081.792
39050.041
40191.708
40452.125
39967.625
40314.666
40657.792
40743.875
40901.333
41469.167
45371.458
42411.125
42527.125
43297.791
44621.458
44806.833
43173.208
43652.25
44918.375
44474.833
44624.375
44465.041
44854.083
45707.959
47192.792
45950.75
46832.166
46515.208
47801.125
47502.208
46951.833
47279.0
47448.292
49081.083
48238.958
49099.125
50591.0
49630.167
50272.125
50472.125
53103.083
50382.458
50721.583
51741.875
51141.416
51509.875
54517.667
53870.333
53376.75
55206.042
56935.125
56754.708
56323.625
54061.084
56818.459
56162.167
55443.084
56744.916
55792.833
